0.000000012815466 0.274189964169906 0.725810023014628
0.000000000041962 0.001304125013231 0.998695874944807
0.999305104045742 0.000694895924400 0.000000000029858
0.997884410014202 0.002115589983796 0.000000000002002
0.000000009065757 0.589045245965398 0.410954744968845
0.000000759467978 0.419896695795106 0.580102544736915
0.006632683380750 0.993362000100862 0.000005316518388
0.000000006673606 0.173989145310214 0.826010848016180
0.000000000093291 0.129215086658253 0.870784913248456
0.996129037664713 0.003870962302773 0.000000000032514
0.001063747250392 0.998935885284181 0.000000367465427
0.998949276563708 0.001050723433127 0.000000000003165
0.000794362945193 0.999009578653056 0.000196058401751
0.006761785157485 0.993185984518187 0.000052230324328
0.030199793253997 0.969767495873162 0.000032710872841
0.000000000499729 0.029801987100674 0.970198012399597
0.000000000032895 0.023809256364688 0.976190743602418
0.000000000767652 0.013432688963994 0.986567310268355
0.996012593566297 0.003987401874020 0.000000004559683
0.019493027472755 0.980502875094567 0.000004097432678
0.974557897044654 0.025442102674806 0.000000000280540
0.000000009696566 0.152750248344020 0.847249741959414
0.000000001784339 0.106232060836297 0.893767937379364
0.990815812393760 0.009184187575407 0.000000000030833
0.000000005212705 0.605734674164877 0.394265320622419
0.000730627978743 0.999265641095697 0.000003730925560
0.999132551660866 0.000867448324517 0.000000000014616
0.003659108705750 0.995946095254278 0.000394796039972
0.003109466333923 0.996866316216225 0.000024217449853
0.000000001776739 0.313047960373692 0.686952037849569
0.000000039814952 0.676285904370264 0.323714055814784
0.999694511394850 0.000305488604498 0.000000000000652
0.000000007186166 0.850414420550990 0.149585572262844
0.003956914343542 0.996042726805376 0.000000358851081
0.002466238781770 0.997531427444151 0.000002333774079
0.000000005937589 0.089890362255996 0.910109631806415
0.998288200012079 0.001711799984971 0.000000000002950
0.000000007525217 0.373832513211203 0.626167479263580
0.000000000045808 0.036053453591879 0.963946546362313
0.999711869997854 0.000288130001785 0.000000000000361
0.000436991532800 0.999556238089626 0.000006770377574
0.008278130503093 0.991676606689765 0.000045262807142
0.000000000014492 0.004432563700501 0.995567436285007
0.003401582272884 0.996564837675909 0.000033580051207
0.001372678267699 0.998620862195223 0.000006459537078
0.998861624005836 0.001138375961960 0.000000000032205
0.000000018144291 0.981818098279747 0.018181883575962
0.975684122235560 0.024315877523816 0.000000000240624
0.961409047776011 0.038590950096335 0.000000002127654
0.000000000048411 0.038377438726042 0.961622561225547
0.003143930991737 0.996851698163259 0.000004370845004
0.990706932355593 0.009293067578538 0.000000000065869
0.000000000571567 0.009273873118282 0.990726126310151
0.907419666755317 0.092580308518162 0.000000024726522
0.036625589548494 0.963368539452754 0.000005870998752
0.997898596160292 0.002101403826356 0.000000000013352
0.000000001236989 0.018433414029381 0.981566584733631
0.000000000002630 0.000848708935947 0.999151291061423
0.000000086718211 0.901417473151894 0.098582440129895
0.751168686513407 0.248831313066005 0.000000000420589
0.000000002050374 0.213926619181373 0.786073378768252
0.994616975776633 0.005383024218603 0.000000000004763
0.000000000008950 0.053851737297447 0.946148262693604
0.000000249463118 0.491603546836801 0.508396203700081
0.000000005370170 0.420026861095800 0.579973133534031
0.991089084927095 0.008910913614542 0.000000001458363
0.992755070414601 0.007244929345588 0.000000000239811
0.998220770096899 0.001779229853320 0.000000000049780
0.005729423413811 0.994267029566911 0.000003547019278
0.061003170926263 0.938987975795772 0.000008853277965
0.998511851608758 0.001488148383055 0.000000000008187
0.000000000064216 0.267474468642339 0.732525531293445
0.000000698409595 0.758804645681574 0.241194655908831
0.002259397865875 0.997673085919983 0.000067516214142
0.000000001143449 0.041956242708734 0.958043756147817
0.000769213940568 0.999144924551804 0.000085861507628
0.000000021726148 0.266977297202341 0.733022681071510
0.978879327402913 0.021120672247106 0.000000000349981
0.994877643493828 0.005122356496488 0.000000000009684
0.990818512108413 0.009181487687453 0.000000000204134
0.000000000036499 0.015071725747516 0.984928274215985
0.000000004073229 0.058902955797694 0.941097040129077
0.000000000082273 0.001941613318919 0.998058386598808
0.000163523833314 0.999810417547737 0.000026058618949
0.999849588854325 0.000150411145632 0.000000000000042
0.999886892774185 0.000113107225308 0.000000000000507
0.000000032656699 0.612915385937039 0.387084581406262
0.995204494026530 0.004795505695438 0.000000000278031
0.000000000399757 0.091408844464775 0.908591155135468
0.000000031415711 0.596308058494273 0.403691910090016
0.910267500360221 0.089732499636259 0.000000000003520
0.994915603788226 0.005084396211032 0.000000000000742
0.005943045176917 0.994050062293234 0.000006892529850
0.000883836950121 0.998719568831820 0.000396594218059
0.000000001454603 0.235648632801506 0.764351365743890
0.997724989702993 0.002275010295099 0.000000000001909
0.998633177660222 0.001366822339532 0.000000000000246
0.973210936261899 0.026789063427458 0.000000000310644
0.005590970868430 0.994404590288274 0.000004438843295
0.002697662325395 0.997274364173367 0.000027973501237
0.001853879549197 0.998136038619672 0.000010081831130
0.999538360435879 0.000461639562091 0.000000000002031
0.000576306513643 0.999421310188894 0.000002383297463
0.990552449531225 0.009447550461811 0.000000000006964
0.996958398181060 0.003041601758671 0.000000000060269
0.000000014797546 0.394872929926332 0.605127055276122
0.000482126260088 0.999516488351537 0.000001385388375
0.000000000874395 0.641928783697820 0.358071215427784
0.995845593910172 0.004154406075832 0.000000000013995
0.985837797012958 0.014162202978658 0.000000000008384
0.895067751402754 0.104932247255128 0.000000001342118
0.006057876453287 0.993936160293641 0.000005963253071
0.988061947700005 0.011938052287025 0.000000000012970
0.999417868247505 0.000582131752278 0.000000000000217
0.000000016911174 0.483156505970252 0.516843477118574
0.000995442067664 0.998885631039920 0.000118926892416
0.002174211851644 0.997825644921961 0.000000143226395
0.008706507028067 0.991241255489357 0.000052237482576
0.006034677486043 0.993962014625706 0.000003307888250
0.001612728878816 0.998385125700059 0.000002145421125
0.997876117240087 0.002123882648430 0.000000000111483
0.997859894303746 0.002140105695517 0.000000000000738
0.000296912165645 0.999666872429884 0.000036215404471
0.998058222368823 0.001941777629381 0.000000000001797
0.976503296036941 0.023496703541733 0.000000000421326
0.900799546876500 0.099200452217562 0.000000000905938
0.005990483931400 0.993960458692329 0.000049057376272
0.997450361193914 0.002549638492355 0.000000000313731
0.000000001118745 0.011855685303413 0.988144313577842
0.998960515393264 0.001039484574305 0.000000000032430
0.998700774561097 0.001299224498208 0.000000000940695
0.997094380236555 0.002905619759676 0.000000000003769
0.000000003548014 0.614652079117940 0.385347917334046
0.999899354963310 0.000100645035146 0.000000000001544
0.995342937132220 0.004657062616934 0.000000000250846
0.083866681608037 0.916021909877128 0.000111408514835
0.028066635231652 0.971903664066281 0.000029700702067
0.001515544757277 0.998469671846087 0.000014783396636
0.046550398770338 0.953392237397200 0.000057363832462
0.999305318570554 0.000694681420881 0.000000000008565
0.002807715290909 0.997148897173434 0.000043387535658
0.000000006997832 0.094804150260242 0.905195842741926
0.000000000083317 0.027120898688868 0.972879101227815
0.999104125311926 0.000895874685509 0.000000000002565
0.998727925021176 0.001272074975814 0.000000000003010
0.000000005663786 0.058373049957237 0.941626944378977
0.055577402416089 0.944350690290998 0.000071907292913
0.000668441039323 0.999329207725124 0.000002351235553
0.000000014226642 0.440186614368683 0.559813371404675
0.924575368853245 0.075424631004834 0.000000000141922
0.997178653410767 0.002821346561075 0.000000000028158
0.876305644378194 0.123694341972218 0.000000013649587
0.007763709938867 0.992235308448528 0.000000981612605
0.000000006779923 0.228949958922089 0.771050034297988
0.996521141968317 0.003478858025699 0.000000000005985
0.001607272063693 0.998326547968374 0.000066179967932
0.001872188920447 0.998121027207338 0.000006783872216
0.998726420059909 0.001273579937500 0.000000000002591
0.000000003827811 0.029892831967907 0.970107164204282
0.995129248487954 0.004870751480258 0.000000000031788
0.001511986880860 0.998475820459851 0.000012192659289
0.031143734814212 0.968840182286506 0.000016082899282
0.996436580847414 0.003563419008251 0.000000000144334
0.063176247465251 0.936822664978609 0.000001087556139
0.973985464589863 0.026014535391896 0.000000000018241
0.015437201154956 0.984562652260133 0.000000146584911
0.000000007520946 0.287901457588857 0.712098534890198
0.984740306764255 0.015259688229631 0.000000005006114
0.003069968724055 0.996882816162609 0.000047215113336
0.081010272533787 0.918980180686081 0.000009546780132
0.997499053198514 0.002500946775913 0.000000000025573
0.012827556107343 0.987171513503454 0.000000930389203
0.001435167875315 0.998563624014610 0.000001208110075
0.008968960981904 0.991027764709116 0.000003274308981
0.000000012864320 0.570291936729736 0.429708050405944
0.077105160485661 0.922889063399676 0.000005776114663
0.000000013411005 0.102658566602143 0.897341419986853
0.000000005116181 0.728286260323144 0.271713734560675
0.999927219296151 0.000072780697925 0.000000000005924
0.000223952479908 0.999441882050109 0.000334165469984
0.998995699240471 0.001004300758395 0.000000000001134
0.035152454534524 0.964846902840444 0.000000642625032
0.994766219263203 0.005233780736633 0.000000000000164
0.949307008280053 0.050692990052076 0.000000001667871
0.000000000000138 0.000381357672996 0.999618642326865
0.000000041012868 0.663295923261178 0.336704035725954
0.017433481697654 0.982566307664651 0.000000210637695
0.004689270507586 0.995308806104054 0.000001923388360
0.000000000079383 0.038751717651887 0.961248282268729
0.000000030681495 0.806566796989336 0.193433172329169
0.952660164132118 0.047339835755096 0.000000000112787
0.000000000840499 0.003801149976312 0.996198849183190
0.000000001004560 0.165932749993986 0.834067249001453
0.000000006320985 0.117713581235242 0.882286412443773
0.000000000041546 0.001201705127325 0.998798294831129
0.000000040616604 0.048972091364658 0.951027868018738
0.995231039876991 0.004768960016228 0.000000000106780
0.002093299714332 0.997872313241776 0.000034387043891
0.000000000052543 0.049886415535525 0.950113584411932
0.028715952931517 0.971283707973519 0.000000339094965
0.000000008369045 0.438971560594603 0.561028431036352
0.000426264879163 0.999551585205418 0.000022149915419
0.000000003589667 0.056481714068659 0.943518282341674
0.000000032447256 0.808105298040015 0.191894669512729
0.013263435174862 0.986574939197533 0.000161625627604
0.000000000025665 0.003558507881839 0.996441492092496
0.000096519046623 0.999886024783353 0.000017456170024
0.000046997089018 0.999914558883108 0.000038444027873
0.025751744539127 0.974236691760710 0.000011563700164
0.999954059448872 0.000045940548530 0.000000000002598
0.000000002518813 0.263463636997925 0.736536360483262
0.150147841175035 0.849852038829318 0.000000119995647
0.997127566552218 0.002872433407946 0.000000000039837
0.999863292744971 0.000136707254792 0.000000000000237
0.999492905345180 0.000507094649320 0.000000000005500
0.183892292044065 0.816107347178810 0.000000360777126
0.988328649194586 0.011671347478068 0.000000003327347
0.000000197814807 0.726959935687879 0.273039866497314
0.983202906713330 0.016797093069529 0.000000000217141
0.997344059703750 0.002655940295300 0.000000000000950
0.000033461463265 0.999960428259077 0.000006110277658
0.007467784616679 0.992524379908123 0.000007835475198
0.005574906222520 0.994383911098972 0.000041182678508
0.000000009412621 0.793386056067852 0.206613934519526
0.000000006668064 0.314719851224756 0.685280142107180
0.000234637829104 0.999718559556678 0.000046802614218
0.985821143044418 0.014178856893633 0.000000000061950
0.999404685650454 0.000595314346318 0.000000000003228
0.000000000401168 0.308188965854130 0.691811033744702
0.000000000282067 0.007318136060067 0.992681863657866
0.000387755715895 0.999300005505093 0.000312238779012
0.000000002301452 0.800724158724795 0.199275838973753
0.000000006609958 0.090504623764637 0.909495369625404
0.003470766242997 0.996512965207737 0.000016268549266
0.000000009364199 0.282927591770181 0.717072398865620
0.995889056764323 0.004110943159321 0.000000000076356
0.001864803786899 0.998133454698834 0.000001741514267
0.025354622734996 0.974513777787540 0.000131599477463
0.996919869711596 0.003080130266119 0.000000000022285
0.011487688376281 0.988495737697527 0.000016573926192
0.022467569177706 0.977532133559061 0.000000297263233
0.000000007747597 0.133063855971779 0.866936136280624
0.006754855960404 0.993241260682267 0.000003883357329
0.999755637838325 0.000244362160438 0.000000000001237
0.000000023963779 0.951267126534713 0.048732849501508
0.000000005106115 0.170673857616559 0.829326137277326
0.000000004511116 0.950332493497639 0.049667501991245
0.013438202111681 0.986552289791787 0.000009508096531
0.000000004509146 0.130903456318886 0.869096539171968
0.000000002109809 0.054173687353831 0.945826310536360
0.995414702456146 0.004585297462005 0.000000000081849
0.003138083414243 0.996857203121076 0.000004713464681
0.007263647283152 0.992733612900332 0.000002739816516
0.068713715662805 0.931280804066319 0.000005480270876
0.142191956216320 0.857807960180721 0.000000083602959
0.999085024655474 0.000914975334072 0.000000000010454
0.000000065005814 0.872857225065268 0.127142709928918
0.998705085747394 0.001294914251098 0.000000000001509
0.984341514042838 0.015658485804661 0.000000000152501
0.009777816578223 0.990164853032992 0.000057330388786
0.000000010578960 0.302711248566637 0.697288740854403
0.999852085776662 0.000147914222648 0.000000000000690
0.005825162603656 0.994166872896013 0.000007964500332
0.129708573777378 0.870290007159978 0.000001419062644
0.000000002257905 0.850679857849574 0.149320139892521
0.000000001240033 0.533364649181890 0.466635349578078
0.000000006769658 0.724959914281086 0.275040078949256
0.997564455490593 0.002435544486512 0.000000000022895
0.412072865702237 0.587909634039345 0.000017500258418
0.999008795482493 0.000991204512382 0.000000000005126
0.000000000113329 0.031505448076414 0.968494551810256
0.041524709941876 0.958474963678443 0.000000326379681
0.000000001296827 0.026998342123963 0.973001656579209
0.001727654146110 0.998260852597801 0.000011493256089
0.000000000004436 0.001461763322185 0.998538236673379
0.000000000007250 0.005154279261715 0.994845720731035
0.972810849522058 0.027189149858786 0.000000000619156
0.995130102879697 0.004869896736776 0.000000000383527
0.000000026062104 0.236250772897188 0.763749201040708
0.999545369481727 0.000454630507136 0.000000000011137
0.998417317268973 0.001582682715157 0.000000000015870
0.036182833938796 0.963815645409261 0.000001520651944
0.000000391307856 0.784045335309007 0.215954273383138
0.000000006364235 0.049573319271343 0.950426674364422
0.999786939600641 0.000213060398838 0.000000000000521
0.998250572825668 0.001749427140080 0.000000000034252
0.001229014196303 0.998766874791096 0.000004111012601
0.002200579428576 0.997799394989484 0.000000025581939
0.000000197721932 0.775314465643762 0.224685336634307
0.001182584525813 0.998808226586373 0.000009188887814
0.010552738013320 0.989444449007972 0.000002812978708
0.027901559328132 0.972094505392589 0.000003935279279
0.997562799675165 0.002437200259737 0.000000000065097
0.999505259930662 0.000494740063750 0.000000000005587
0.000911736239220 0.999076731833979 0.000011531926801
0.000000000017560 0.042751641759612 0.957248358222828
0.992963990516308 0.007036009433227 0.000000000050465
0.000000000571630 0.342680373665468 0.657319625762902
0.021983248137669 0.978013146328892 0.000003605533439
0.000000002214670 0.023433719881579 0.976566277903750
